[Player]
198 248138 4224 5000 9 10
0 0 0 1 0 0 0 0 1 1
5 1
0

[Map]
23
27

0
5 1
1
5 0 1 5 9
1 3 3 3 3 30 3 3 3 3 1 
1 3 3 3 3 0 3 3 3 3 1 
1 3 3 3 3 0 3 3 3 3 1 
1 3 3 3 3 0 3 3 3 3 1 
1 3 3 3 3 0 3 3 3 3 1 
1 3 3 3 3 0 3 3 3 3 1 
1 3 3 3 3 0 3 3 3 3 1 
1 1 1 1 1 0 1 1 1 1 1 
2 1 2 1 0 0 499 1 2 1 2 
2 2 2 2 2 0 2 2 2 2 2 
2 2 2 2 2 0 2 2 2 2 2 

[0NPC]
1
499 2 4
1 1 0 0 
1

1
5 9
2
0 0 2 0 1
5 10 0 5 1
30 0 0 0 0 0 0 0 0 0 0 
1 1 1 1 1 1 1 1 1 1 0 
0 0 0 0 0 1 0 0 0 1 0 
0 0 0 1 0 1 0 0 0 1 0 
1 0 1 1 0 1 1 1 0 1 0 
0 0 0 1 0 0 0 0 0 1 0 
0 0 0 1 0 1 1 1 1 1 0 
1 0 1 1 0 0 0 0 0 0 0 
0 0 0 1 1 0 1 1 1 0 1 
0 0 0 1 0 0 0 1 0 0 0 
0 0 0 1 0 31 0 1 0 0 0 

[1NPC]
0
1

2
0 1
2
0 0 1 1 0
0 10 3 1 10
31 1 0 0 0 1 0 0 0 0 1 
0 1 0 1 0 1 0 0 0 0 1 
0 1 0 1 0 1 0 0 0 0 1 
0 1 0 1 0 1 1 1 1 0 1 
0 1 0 1 0 0 0 0 0 0 1 
0 1 0 1 1 0 1 1 0 1 1 
0 0 0 0 0 0 1 0 0 0 1 
0 1 0 1 1 6 1 0 1 0 1 
0 1 0 1 205 204 1 0 1 0 1 
0 1 0 1 205 204 1 0 1 0 1 
30 1 0 1 205 204 1 0 1 0 1 

[2NPC]
0
1

3
1 10
2
0 10 2 0 9
10 10 4 10 9
0 0 0 1 510 511 512 1 1 1 1 
0 0 0 1 0 0 0 1 0 0 0 
0 0 0 1 1 0 1 1 0 1 0 
1 0 1 1 0 0 0 1 0 1 0 
0 0 0 1 1 1 0 1 0 1 0 
0 1 0 0 0 0 0 1 0 1 0 
0 1 1 1 1 1 0 0 0 1 0 
0 0 0 0 0 1 1 0 1 1 0 
1 1 1 1 0 1 0 0 0 1 0 
1 0 0 0 0 1 0 0 0 1 0 
31 0 1 1 1 1 0 0 0 1 30 

[3NPC]
0
1

4
10 9
2
0 10 5 0 9
10 10 3 10 9
0 0 0 1 0 0 0 1 0 0 0 
0 1 0 1 0 0 0 1 0 1 0 
0 1 0 1 1 0 1 1 0 1 0 
0 1 0 1 0 0 0 1 0 1 0 
0 1 0 1 0 0 0 1 0 1 0 
0 1 0 1 1 0 1 1 0 1 0 
0 1 0 1 0 0 0 1 0 1 0 
0 1 0 1 0 0 0 1 0 1 0 
0 1 0 1 1 0 1 1 0 1 0 
0 1 0 1 0 0 0 1 0 1 0 
30 1 0 0 0 0 0 0 0 1 31 

[4NPC]
0
1

5
0 9
2
0 10 4 0 9
10 10 6 9 9
0 1 0 1 0 0 0 0 0 0 0 
0 1 0 1 0 0 0 0 0 0 0 
0 1 0 1 0 0 1 1 0 1 1 
0 0 0 1 0 0 1 0 0 0 530 
0 1 0 1 1 1 1 0 0 0 0 
0 1 0 0 0 0 0 0 0 0 0 
0 1 1 0 1 1 1 1 0 0 0 
0 520 1 0 1 0 0 0 0 0 0 
1 1 1 0 1 0 1 0 1 5 1 
0 0 1 0 1 0 1 0 0 0 1 
31 0 0 0 0 0 1 0 1 0 30 

[5NPC]
0
1

6
9 9
2
4 10 7 5 10
9 10 5 10 9
0 0 1 0 1 0 0 0 1 0 0 
0 0 1 0 1 0 0 0 1 0 0 
0 0 0 0 0 0 0 0 1 0 0 
0 0 1 0 1 0 0 0 1 0 0 
1 1 1 0 1 1 1 1 1 0 1 
0 0 0 0 0 0 0 0 0 0 0 
0 1 1 1 1 1 1 1 1 1 1 
0 1 0 0 0 0 0 0 0 0 1 
0 1 0 1 0 1 1 1 1 6 1 
0 1 0 1 0 0 1 1 0 0 1 
0 0 0 1 30 0 0 0 0 31 1 

[6NPC]
0
1

7
5 10
2
0 0 8 0 1
4 10 6 4 9
30 0 0 0 0 0 0 0 1 1 1 
1 1 0 0 1 0 1 0 0 1 1 
1 0 0 0 1 0 1 0 0 0 1 
0 0 1 1 1 0 1 1 1 0 0 
0 0 0 0 0 0 0 0 0 0 0 
0 1 1 1 1 0 1 1 1 1 0 
0 1 0 0 1 0 1 0 0 1 0 
0 1 0 0 1 0 1 0 0 1 0 
0 1 1 0 0 0 0 0 1 1 0 
0 0 1 1 1 0 1 1 1 0 0 
1 0 0 5 31 0 0 0 0 0 1 

[7NPC]
0
1

8
0 1
2
0 0 7 1 0
6 4 9 6 3
31 1 0 0 0 0 1 0 0 0 0 
0 1 0 1 1 0 1 0 1 1 0 
0 1 0 1 0 0 0 0 0 1 0 
0 1 0 1 0 1 1 1 0 1 0 
0 1 0 1 0 1 30 0 0 1 0 
0 1 0 1 0 1 1 1 1 1 0 
0 1 0 1 0 0 0 1 0 0 0 
0 1 0 1 1 1 0 1 5 1 1 
0 1 0 0 0 1 0 1 0 0 0 
0 1 1 1 0 1 0 1 1 1 0 
0 0 0 0 0 1 0 0 0 0 0 

[8NPC]
0
1

9
6 3
2
6 4 8 7 4
6 6 10 4 6
0 0 0 1 1 1 0 0 0 1 0 
0 0 0 0 0 0 0 1 0 0 0 
1 5 1 1 0 1 1 1 0 1 0 
0 0 0 1 0 1 0 0 0 1 0 
0 0 0 7 0 1 31 1 0 1 0 
1 6 1 1 0 1 1 1 0 1 1 
0 0 0 1 0 1 30 1 0 1 0 
1 0 1 1 0 0 0 0 0 1 0 
0 0 0 1 1 0 1 1 0 1 0 
0 0 0 1 0 0 0 1 0 0 0 
0 0 0 0 0 0 0 1 0 1 0 

[9NPC]
0
1

10
4 6
2
5 6 9 6 7
0 10 11 1 10
0 1 1 0 0 1 0 0 1 1 0 
0 0 1 1 0 1 0 1 1 0 0 
0 0 0 0 0 1 0 0 0 0 0 
0 1 0 1 1 1 1 1 0 1 1 
0 1 0 0 0 0 0 0 0 1 0 
0 1 0 1 1 1 1 0 1 1 0 
0 1 0 0 0 31 1 0 0 0 0 
0 1 1 1 1 1 1 0 1 1 0 
0 1 0 0 0 1 0 0 0 1 0 
0 1 0 0 0 0 0 1 0 1 0 
30 1 0 0 0 1 0 1 0 1 0 

[10NPC]
0
1

11
1 10
2
0 10 10 0 9
10 10 12 9 10
204 1 0 1 0 1 0 1 0 0 0 
204 1 0 1 0 1 0 1 0 0 0 
204 1 0 1 0 1 0 1 0 0 0 
5 1 0 1 0 1 0 1 1 0 1 
0 0 0 0 0 1 0 0 0 0 0 
0 1 1 0 1 1 1 0 1 1 0 
0 1 0 0 0 0 0 0 0 1 0 
0 1 0 1 1 1 1 1 0 1 0 
0 1 0 1 540 541 542 1 0 1 0 
1 1 7 1 0 0 0 1 0 1 1 
31 0 0 0 0 0 0 0 0 0 30 

[11NPC]
0
1

12
9 10
2
0 10 13 1 10
10 10 11 9 10
550 0 1 0 0 0 0 0 1 0 0 
0 0 1 0 1 0 1 0 1 0 0 
0 0 1 0 1 0 1 0 1 0 0 
0 0 1 0 1 0 1 0 1 0 0 
0 0 1 0 1 0 1 0 1 0 0 
1 0 1 0 1 0 1 0 1 0 1 
0 0 0 0 1 0 1 0 0 0 0 
1 1 1 0 1 1 1 0 1 1 1 
0 0 0 0 0 0 0 0 0 0 0 
1 1 1 1 1 0 1 1 1 1 1 
30 0 0 0 0 0 0 0 0 0 31 

[12NPC]
0
1

13
1 10
2
0 10 12 1 10
5 10 14 5 9
0 0 0 0 0 0 0 1 0 0 0 
0 1 1 1 1 1 5 1 0 1 0 
0 1 0 0 0 0 0 1 0 1 0 
0 1 0 1 1 1 0 1 0 1 0 
0 1 0 0 0 1 0 1 0 1 0 
0 1 0 0 9 1 0 1 0 1 0 
0 1 0 0 560 1 0 1 0 1 0 
0 1 1 1 1 1 0 1 0 1 0 
0 0 0 1 0 0 0 0 0 1 0 
1 1 0 1 0 1 1 1 1 1 0 
31 0 0 0 0 30 1 0 0 0 0 

[13NPC]
0
1

14
5 9
2
4 0 15 3 0
5 10 13 4 10
1 0 0 0 30 0 0 0 0 0 1 
1 0 0 1 1 1 1 1 0 0 1 
1 0 1 1 1 1 1 1 1 0 1 
1 0 1 1 1 0 1 1 1 0 1 
1 0 1 1 1 0 1 1 1 0 1 
1 0 0 1 1 0 1 1 0 0 1 
1 0 3 3 1 0 1 3 3 0 1 
1 0 3 3 1 0 1 3 3 0 1 
1 0 3 3 1 0 1 3 3 0 1 
1 0 0 0 0 0 0 0 0 0 1 
1 1 1 1 1 31 1 1 1 1 1 

[14NPC]
0
1

15
3 0
2
4 0 14 5 0
6 0 16 5 0
0 0 0 0 31 3 30 0 0 0 0 
0 3 3 3 3 3 3 3 3 3 0 
0 3 3 1 1 1 1 1 3 3 0 
0 3 1 1 406 1 0 1 1 3 0 
0 3 1 1 0 1 0 1 1 3 0 
0 3 1 1 0 1 0 1 1 3 0 
0 3 3 1 0 1 0 1 3 3 0 
0 3 3 1 0 1 0 1 3 3 0 
0 3 3 3 0 0 0 3 3 3 0 
0 3 3 3 3 0 3 3 3 3 0 
0 0 0 0 0 0 0 0 0 0 0 

[15NPC]
1
406 0 3
0 0 0 
1

16
5 0
2
6 0 15 7 0
5 7 17 5 8
3 3 3 3 3 0 31 3 3 3 3 
3 3 3 3 3 0 3 3 3 3 3 
3 3 3 3 3 0 3 3 3 3 3 
3 3 3 3 1 0 1 3 3 3 3 
3 3 3 1 0 0 1 1 3 3 3 
3 3 3 1 1 0 1 1 3 3 3 
3 3 3 1 1 0 1 1 3 3 3 
3 3 3 1 1 30 1 1 3 3 3 
3 3 3 3 1 1 1 3 3 3 3 
3 3 3 3 3 3 3 3 3 3 3 
3 3 3 3 3 3 3 3 3 3 3 

[16NPC]
0
1

17
5 8
2
5 7 16 5 6
0 10 18 1 10
3 0 0 0 0 0 0 0 0 0 0 
3 0 3 3 3 3 3 3 3 3 0 
3 0 3 0 0 0 0 0 0 0 0 
3 0 3 0 3 3 3 3 3 3 3 
3 0 3 0 3 0 0 0 0 0 3 
3 0 3 0 0 0 3 3 3 0 3 
3 0 3 3 3 3 3 0 0 0 3 
3 0 3 3 3 31 3 0 3 3 3 
3 0 0 0 0 0 3 0 0 0 0 
3 3 3 3 3 3 3 3 3 3 0 
30 0 0 0 0 0 0 0 0 0 0 

[17NPC]
0
1

18
1 10
2
0 10 17 1 10
10 10 19 9 10
3 3 3 3 3 3 3 3 3 3 3 
3 3 3 3 3 3 3 3 3 3 3 
3 3 3 3 3 3 3 3 3 3 3 
3 3 3 3 1 1 1 3 3 3 3 
3 3 3 1 1 402 1 1 3 3 3 
3 3 3 1 1 0 1 1 3 3 3 
3 3 3 1 1 0 1 1 3 3 3 
3 3 3 3 1 0 1 3 3 3 3 
3 3 3 3 3 0 3 3 3 3 3 
3 3 3 3 3 0 3 3 3 3 3 
31 0 0 0 0 0 0 0 0 0 30 

[18NPC]
1
402 1 2
1 0 
1

19
9 10
2
5 3 20 5 4
10 10 18 9 10
0 0 0 0 0 0 0 0 0 0 0 
0 3 0 3 3 3 3 3 0 3 0 
0 3 0 3 3 3 3 3 0 3 0 
0 3 0 3 3 30 3 3 0 3 0 
0 3 0 3 3 0 3 3 0 3 0 
0 3 0 3 3 0 3 3 0 3 0 
0 3 0 3 3 0 3 3 0 3 0 
0 3 0 3 3 0 3 3 0 3 0 
0 3 3 3 3 0 3 3 3 3 0 
0 3 3 3 3 0 3 3 3 3 0 
0 0 0 0 0 0 0 0 0 0 31 

[19NPC]
0
1

20
5 4
2
5 3 19 5 4
5 7 21 5 5
0 0 0 0 0 0 0 0 0 0 0 
0 3 0 3 0 3 0 3 0 3 0 
3 0 0 0 0 0 0 0 0 0 3 
0 3 0 3 0 31 0 3 0 3 0 
0 0 0 0 0 0 0 0 0 0 0 
0 3 0 3 0 3 0 3 0 3 0 
0 0 0 0 0 0 0 0 0 0 0 
0 3 0 3 0 30 0 3 0 3 0 
3 0 0 0 0 0 0 0 0 0 3 
0 3 0 3 0 3 0 3 0 3 0 
0 0 0 0 0 0 0 0 0 0 0 

[20NPC]
0
1

21
5 5
2
5 1 22 5 1
5 7 20 5 6
3 3 3 3 3 3 3 3 3 3 3 
3 3 0 0 3 30 3 0 0 3 3 
3 0 0 3 3 0 3 3 0 0 3 
3 0 0 0 3 0 3 0 0 0 3 
3 3 0 0 0 0 0 0 0 3 3 
3 3 0 0 0 0 0 0 0 3 3 
3 3 3 0 0 3 0 0 3 3 3 
3 3 3 3 9 31 9 3 3 3 3 
3 3 3 3 3 3 3 3 3 3 3 
3 3 3 3 3 3 3 3 3 3 3 
3 3 3 3 3 3 3 3 3 3 3 

[21NPC]
0
1

22
5 1
4
5 0 21 5 5
5 10 23 5 1
0 5 25 9 5
10 5 26 1 5
3 3 3 3 3 31 3 3 3 3 3 
3 3 3 3 3 0 3 3 3 3 3 
3 3 3 3 0 0 0 3 3 3 3 
9 9 9 3 3 0 3 3 9 9 9 
0 0 9 3 3 0 3 3 9 0 0 
30 0 0 0 0 0 0 0 0 0 30 
0 0 9 3 3 0 3 3 9 0 0 
9 9 9 3 3 0 3 3 9 0 9 
3 3 3 9 9 0 9 9 3 3 3 
3 3 3 9 0 0 0 9 3 3 3 
3 3 3 9 0 30 0 9 3 3 3 

[22NPC]
0
1

23
5 1
2
5 0 22 5 9
5 6 24 5 10
0 3 3 3 3 31 3 3 3 3 0 
0 0 0 0 0 0 0 0 0 0 0 
3 0 3 3 0 0 0 3 3 6 3 
0 0 0 3 3 0 3 3 0 0 0 
0 3 0 3 3 3 3 3 0 3 0 
0 3 0 3 3 3 3 3 0 3 0 
0 3 0 3 3 32 3 3 0 3 0 
0 3 0 0 3 0 3 0 0 3 0 
0 3 3 3 3 0 3 3 3 3 0 
0 3 3 3 0 0 0 3 3 3 0 
0 0 0 0 0 3 0 0 0 0 0 

[23NPC]
0
1

24
5 10
0
2 2 2 9 9 9 9 9 2 2 2 
2 2 2 9 311 312 313 9 2 2 2 
2 2 2 9 314 315 316 9 2 2 2 
2 2 2 9 317 141 319 9 2 2 2 
2 2 2 9 9 0 9 9 2 2 2 
2 205 205 205 205 127 205 205 205 205 2 
2 2 2 2 2 133 2 2 2 2 2 
2 2 2 220 133 140 133 220 2 2 2 
2 2 2 2 2 133 2 2 2 2 2 
2 2 2 2 205 127 205 2 2 2 2 
2 2 2 2 2 0 2 2 2 2 2 

[24NPC]
0
0

25
9 5
1
10 5 22 1 5
0 0 0 0 0 0 0 0 3 0 0 
0 3 3 3 3 3 3 0 0 0 3 
0 3 3 0 0 0 0 0 3 0 3 
0 3 3 0 3 3 3 3 3 0 3 
0 0 3 3 3 3 3 3 0 0 3 
3 0 0 0 0 3 3 0 0 0 31 
0 0 3 3 3 3 3 3 0 0 3 
0 3 3 0 3 3 3 3 3 0 3 
0 3 3 0 0 0 0 0 3 0 3 
0 3 3 3 3 3 3 0 6 0 3 
0 0 0 0 0 0 0 0 3 0 0 

[25NPC]
0
1

26
1 5
1
0 5 22 9 5
0 0 3 0 0 0 0 0 0 0 0 
3 0 0 0 3 3 3 3 3 3 0 
3 0 3 0 0 0 0 0 3 3 0 
3 0 3 3 3 3 3 0 3 3 0 
3 0 0 3 3 3 3 3 3 0 0 
31 0 0 0 3 3 0 0 0 0 3 
3 0 0 3 3 3 3 3 3 0 0 
3 0 3 3 3 3 3 0 3 3 0 
3 0 3 0 0 0 0 0 3 3 0 
3 0 6 0 3 3 3 3 3 3 0 
0 0 3 0 0 0 0 0 0 0 0 

[26NPC]
0
1

