[Player]
1 1000 10 10 0 0
0 0 0 0 0 0 0 0 0 0
5 10
0

[Map]
0
27

0
5 1
1
5 0 1 5 9
1 3 3 3 3 30 3 3 3 3 1 
1 3 3 3 3 0 3 3 3 3 1 
1 3 3 3 3 0 3 3 3 3 1 
1 3 3 3 3 0 3 3 3 3 1 
1 3 3 3 3 0 3 3 3 3 1 
1 3 3 3 3 0 3 3 3 3 1 
1 3 3 3 3 0 3 3 3 3 1 
1 1 1 1 1 5 1 1 1 1 1 
2 1 2 1 0 400 499 1 2 1 2 
2 2 2 2 2 0 2 2 2 2 2 
2 2 2 2 2 0 2 2 2 2 2 

[0NPC]
2
400 0 5
0 0 0 0 0 
499 0 4
0 0 0 0 
1

1
5 9
2
0 0 2 0 1
5 10 0 5 1
30 0 200 100 101 100 0 0 0 0 0 
1 1 1 1 1 1 1 1 1 1 0 
204 0 103 5 0 1 204 200 204 1 0 
200 103 207 1 0 1 204 200 204 1 0 
1 5 1 1 0 1 1 1 104 1 0 
200 105 0 1 0 5 106 100 102 1 0 
208 0 201 1 0 1 1 1 1 1 0 
1 5 1 1 0 0 0 0 0 0 0 
0 105 0 1 1 7 1 1 1 5 1 
204 205 200 1 202 0 0 1 200 108 201 
204 227 200 1 0 31 0 1 200 200 200 

[1NPC]
0
0

2
0 1
2
0 0 1 1 0
0 10 3 1 10
31 1 0 124 0 1 207 208 200 202 1 
0 1 208 1 205 1 207 208 200 201 1 
0 1 200 1 200 1 207 208 200 117 1 
0 1 200 1 200 1 1 1 1 5 1 
0 1 0 1 0 0 0 5 0 0 1 
0 1 5 1 1 5 1 1 5 1 1 
0 8 0 0 0 0 1 0 117 0 1 
0 1 5 1 1 6 1 9 1 9 1 
0 1 200 1 205 204 1 0 1 0 1 
0 1 200 1 205 204 1 0 1 0 1 
30 1 207 1 205 204 1 404 1 403 1 

[2NPC]
0
0

3
1 10
2
0 10 2 0 9
10 10 4 10 9
212 101 200 1 510 511 512 1 1 1 1 
101 200 0 1 0 0 0 1 0 102 0 
200 103 0 1 1 5 1 1 0 1 0 
1 5 1 1 0 103 0 1 200 1 101 
0 0 0 1 1 1 0 1 200 1 102 
100 1 0 102 101 102 0 1 200 1 101 
100 1 1 1 1 1 0 0 0 1 0 
0 0 0 0 0 1 1 5 1 1 0 
1 1 1 1 102 1 101 0 101 1 0 
1 0 0 0 0 1 208 102 200 1 0 
31 0 1 1 1 1 207 205 200 1 30 

[3NPC]
0
0

4
10 9
2
0 10 5 0 9
10 10 3 10 9
0 104 0 1 0 401 0 1 0 104 0 
5 1 5 1 0 0 0 1 5 1 5 
0 1 0 1 1 9 1 1 0 1 0 
0 1 103 1 107 113 107 1 103 1 0 
102 1 204 1 208 107 208 1 204 1 102 
102 1 204 1 1 7 1 1 204 1 102 
101 1 0 1 108 112 108 1 0 1 101 
0 1 0 1 207 108 207 1 0 1 0 
0 1 0 1 1 6 1 1 0 1 0 
0 1 0 1 200 0 200 1 0 1 0 
30 1 0 104 0 0 0 104 0 1 31 

[4NPC]
0
0

5
0 9
2
0 10 4 0 9
10 10 6 9 9
203 1 204 1 205 106 0 0 106 200 201 
0 1 207 1 106 0 0 0 0 106 200 
107 1 0 1 105 0 1 1 5 1 1 
0 5 106 1 216 105 1 0 108 105 530 
107 1 0 1 1 1 1 0 0 0 105 
207 1 0 0 0 102 103 0 0 0 0 
208 1 1 104 1 1 1 1 0 0 0 
0 520 1 104 1 0 0 0 108 112 0 
1 1 1 102 1 5 1 6 1 5 1 
0 0 1 0 1 102 1 208 5 0 1 
31 0 102 0 0 0 1 200 1 0 30 

[5NPC]
0
0

6
9 9
2
4 10 7 5 10
9 10 5 10 9
220 109 1 208 1 200 115 219 1 205 205 
109 200 1 207 1 0 200 115 1 110 205 
200 113 6 0 6 113 0 200 1 0 110 
0 0 1 112 1 0 0 0 1 118 0 
1 1 1 7 1 1 1 1 1 5 1 
0 0 114 0 200 200 200 0 114 0 0 
0 1 1 1 1 1 1 1 1 1 1 
0 1 107 5 107 0 0 0 0 0 1 
0 1 5 1 5 1 1 1 1 6 1 
0 1 107 1 0 0 1 1 0 0 1 
0 0 0 1 30 0 5 5 0 31 1 

[6NPC]
0
0

7
5 10
2
0 0 8 0 1
4 10 6 4 9
30 0 0 0 0 0 0 0 1 1 1 
1 1 0 113 1 6 1 109 0 1 1 
1 0 113 208 1 116 1 207 109 0 1 
0 0 1 1 1 9 1 1 1 0 0 
0 0 6 116 9 222 9 116 6 0 0 
0 1 1 1 1 9 1 1 1 1 0 
0 1 204 207 1 116 1 208 204 1 0 
0 1 200 204 1 6 1 204 200 1 0 
0 1 1 201 201 205 201 201 1 1 0 
0 0 1 1 1 7 1 1 1 0 0 
1 0 0 5 31 0 0 5 0 0 1 

[7NPC]
0
0

8
0 1
2
0 0 7 1 0
6 4 9 6 3
31 1 0 0 0 0 1 0 200 109 0 
0 1 0 1 1 5 1 5 1 1 0 
0 1 0 1 0 0 6 0 0 1 207 
0 1 0 1 111 1 1 1 107 1 104 
107 1 0 1 204 1 30 0 0 1 104 
113 1 208 1 204 1 1 1 1 1 0 
107 1 104 1 0 0 0 1 0 113 0 
0 1 104 1 1 1 112 1 5 1 1 
0 1 0 109 0 1 109 1 0 0 0 
0 1 1 1 5 1 0 1 1 1 0 
0 0 111 0 0 1 0 115 116 115 0 

[8NPC]
0
0

9
6 3
2
6 4 8 7 4
6 6 10 4 6
228 200 0 1 1 1 0 0 0 1 0 
200 0 119 5 0 0 0 1 0 5 109 
1 5 1 1 0 1 1 1 0 1 200 
0 0 0 1 0 1 0 0 0 1 200 
0 0 0 7 0 1 31 1 0 1 204 
1 6 1 1 0 1 1 1 0 1 1 
208 118 207 1 111 1 30 1 0 1 204 
1 5 1 1 0 0 0 5 0 1 200 
109 204 109 1 1 6 1 1 0 1 200 
201 109 204 1 110 111 110 1 0 5 109 
211 201 109 5 205 110 205 1 0 1 0 

[9NPC]
0
0

10
4 6
2
5 6 9 6 7
0 10 11 1 10
0 1 1 208 119 1 119 207 1 1 0 
0 0 1 1 5 1 5 1 1 0 118 
0 0 0 0 0 1 0 0 0 118 205 
107 1 0 1 1 1 1 1 0 1 1 
113 1 0 0 200 200 200 0 0 1 200 
107 1 0 1 1 1 1 5 1 1 200 
0 1 0 9 0 31 1 0 5 113 0 
0 1 1 1 1 1 1 5 1 1 0 
0 1 204 208 207 1 0 113 0 1 200 
0 1 204 208 207 7 111 1 111 1 200 
30 1 204 208 207 1 201 1 201 1 204 

[10NPC]
0
0

11
1 10
2
0 10 10 0 9
10 10 12 9 10
204 1 200 1 201 1 202 1 205 217 205 
204 1 200 1 201 1 202 1 120 121 120 
204 1 200 1 201 1 202 1 0 120 0 
5 1 5 1 5 1 5 1 1 6 1 
0 0 0 0 0 1 0 0 0 0 0 
5 1 1 6 1 1 1 6 1 1 5 
208 1 0 120 205 122 205 120 0 1 207 
208 1 119 1 1 1 1 1 119 1 207 
208 1 119 1 540 541 542 1 119 1 207 
1 1 7 1 204 0 204 1 7 1 1 
31 0 0 0 0 0 0 0 0 0 30 

[11NPC]
0
0

12
9 10
2
0 10 13 1 10
10 10 11 9 10
550 208 1 0 117 124 117 0 1 205 226 
207 0 1 0 1 5 1 0 1 0 205 
0 0 1 0 1 124 1 0 1 0 0 
0 122 1 0 1 200 1 0 1 131 0 
122 123 1 0 1 200 1 0 1 125 131 
1 6 1 0 1 204 1 0 1 6 1 
0 0 0 0 1 204 1 0 0 0 0 
1 1 1 0 1 1 1 0 1 1 1 
208 122 5 120 120 121 120 120 5 122 207 
1 1 1 1 1 6 1 1 1 1 1 
30 0 0 0 0 0 0 0 0 0 31 

[12NPC]
0
0

13
1 10
2
0 10 12 1 10
5 10 14 5 9
0 122 0 0 0 0 0 1 0 123 0 
0 1 1 1 1 1 5 1 0 1 0 
0 1 0 0 120 0 0 1 0 1 0 
205 1 7 1 1 1 0 1 0 1 0 
117 1 0 0 123 1 120 1 207 1 0 
124 1 0 128 9 1 121 1 207 1 0 
117 1 123 9 560 1 120 1 207 1 208 
0 1 1 1 1 1 0 1 0 1 208 
0 117 0 1 0 0 0 123 0 1 208 
1 1 0 1 205 1 1 1 1 1 0 
31 0 0 6 0 30 1 221 128 5 0 

[13NPC]
0
0

14
5 9
2
4 0 15 3 0
5 10 13 4 10
1 0 131 203 30 0 0 0 0 0 1 
1 0 205 1 1 1 1 1 205 0 1 
1 0 1 1 1 1 1 1 1 0 1 
1 0 1 1 1 206 1 1 1 0 1 
1 0 1 1 1 9 1 1 1 0 1 
1 0 204 1 1 123 1 1 204 0 1 
1 0 3 3 1 128 1 3 3 0 1 
1 0 3 3 1 123 1 3 3 0 1 
1 0 3 3 1 6 1 3 3 0 1 
1 120 121 120 6 0 6 120 121 120 1 
1 1 1 1 1 31 1 1 1 1 1 

[14NPC]
0
0

15
3 0
2
4 0 14 5 0
6 0 16 5 0
0 0 0 0 31 3 30 0 0 0 0 
0 3 3 3 3 3 3 3 3 3 0 
0 3 3 1 1 1 1 1 3 3 0 
0 3 1 1 406 1 405 1 1 3 0 
0 3 1 1 208 1 208 1 1 3 0 
0 3 1 1 207 1 207 1 1 3 0 
0 3 3 1 0 1 0 1 3 3 0 
0 3 3 1 5 1 5 1 3 3 0 
0 3 3 3 0 0 0 3 3 3 0 
0 3 3 3 3 7 3 3 3 3 0 
0 0 0 0 0 0 0 0 0 0 0 

[15NPC]
0
0

16
5 0
2
6 0 15 7 0
5 7 17 5 8
3 3 3 3 3 0 31 3 3 3 3 
3 3 3 3 3 0 3 3 3 3 3 
3 3 3 3 3 0 3 3 3 3 3 
3 3 3 3 1 7 1 3 3 3 3 
3 3 3 1 407 0 1 1 3 3 3 
3 3 3 1 1 134 1 1 3 3 3 
3 3 3 1 1 0 1 1 3 3 3 
3 3 3 1 1 30 1 1 3 3 3 
3 3 3 3 1 1 1 3 3 3 3 
3 3 3 3 3 3 3 3 3 3 3 
3 3 3 3 3 3 3 3 3 3 3 

[16NPC]
0
0

17
5 8
2
5 7 16 5 6
0 10 18 1 10
3 132 129 0 0 0 0 0 0 0 132 
3 129 3 3 3 3 3 3 3 3 0 
3 0 3 132 0 0 0 0 0 0 132 
3 0 3 0 3 3 3 3 3 3 3 
3 0 3 0 3 132 0 0 0 132 3 
3 0 3 132 0 0 3 3 3 0 3 
3 0 3 3 3 3 3 132 0 132 3 
3 129 3 3 3 31 3 0 3 3 3 
3 132 129 0 137 0 3 132 0 0 132 
3 3 3 3 3 3 3 3 3 3 0 
30 0 137 0 0 0 0 0 0 0 132 

[17NPC]
0
0

18
1 10
2
0 10 17 1 10
10 10 19 9 10
3 3 3 3 3 3 3 3 3 3 3 
3 3 3 3 3 3 3 3 3 3 3 
3 3 3 3 3 3 3 3 3 3 3 
3 3 3 3 1 1 1 3 3 3 3 
3 3 3 1 1 402 1 1 3 3 3 
3 3 3 1 1 9 1 1 3 3 3 
3 3 3 1 1 7 1 1 3 3 3 
3 3 3 3 1 7 1 3 3 3 3 
3 3 3 3 3 3 3 3 3 3 3 
3 3 3 3 3 3 3 3 3 3 3 
31 0 0 0 0 0 0 0 0 0 0 

[18NPC]
0
0

19
9 10
2
5 3 20 5 4
10 10 18 9 10
0 0 0 0 0 0 0 0 0 0 0 
0 3 0 3 3 3 3 3 0 3 0 
0 3 0 3 3 3 3 3 0 3 0 
0 3 0 3 3 30 3 3 0 3 0 
0 3 0 3 3 0 3 3 0 3 0 
0 3 135 3 3 0 3 3 135 3 0 
0 3 9 3 3 138 3 3 9 3 0 
0 3 210 3 3 408 3 3 214 3 0 
0 3 3 3 3 0 3 3 3 3 0 
0 3 3 3 3 0 3 3 3 3 0 
0 0 0 0 0 0 0 0 0 0 31 

[19NPC]
0
0

20
5 4
2
5 3 19 5 4
5 7 21 5 5
137 207 116 204 129 202 129 204 116 207 137 
205 3 200 3 201 3 201 3 200 3 205 
3 208 116 0 132 0 132 0 116 208 3 
204 3 200 3 0 31 0 3 200 3 204 
129 201 132 0 0 0 0 0 132 201 129 
202 3 0 3 0 3 0 3 0 3 202 
129 201 132 0 0 0 0 0 132 201 129 
204 3 200 3 0 0 0 3 200 3 204 
3 208 116 0 132 0 132 0 116 208 3 
205 3 200 3 201 3 201 3 200 3 205 
137 207 116 204 129 202 129 204 116 207 137 

[20NPC]
0
0

21
5 5
2
5 1 22 5 1
5 7 20 5 6
3 3 3 3 3 3 3 3 3 3 3 
3 3 0 0 3 139 3 0 0 3 3 
3 0 0 3 3 126 3 3 0 0 3 
3 0 0 0 3 126 3 0 0 0 3 
3 3 0 0 0 0 0 0 0 3 3 
3 3 0 0 0 0 0 0 0 3 3 
3 3 3 0 0 3 0 0 3 3 3 
3 3 3 3 9 31 9 3 3 3 3 
3 3 3 3 3 3 3 3 3 3 3 
3 3 3 3 3 3 3 3 3 3 3 
3 3 3 3 3 3 3 3 3 3 3 

[21NPC]
0
0

22
5 1
4
5 0 21 5 5
5 10 23 5 1
0 5 25 9 5
10 5 26 1 5
3 3 3 3 3 31 3 3 3 3 3 
3 3 3 3 3 0 3 3 3 3 3 
3 3 3 3 0 0 409 3 3 3 3 
9 9 9 3 3 7 3 3 9 9 9 
207 207 9 3 3 219 3 3 9 208 208 
30 207 133 7 219 0 219 7 133 208 30 
207 207 9 3 3 219 3 3 9 208 208 
9 9 9 3 3 7 3 3 9 9 9 
3 3 3 9 9 133 9 9 3 3 3 
3 3 3 9 205 205 205 9 3 3 3 
3 3 3 9 205 30 205 9 3 3 3 

[22NPC]
0
0

23
5 1
2
5 0 22 5 9
5 6 24 5 10
205 3 3 3 3 31 3 3 3 3 205 
0 0 0 0 0 0 0 0 0 0 0 
3 6 3 3 203 6 203 3 3 6 3 
0 0 0 3 3 203 3 3 0 0 0 
0 3 133 3 3 3 3 3 133 3 0 
0 3 133 3 3 3 3 3 133 3 0 
204 3 133 3 3 8 3 3 133 3 204 
204 3 127 221 3 9 3 221 127 3 204 
204 3 3 3 3 140 3 3 3 3 204 
0 3 3 3 127 7 127 3 3 3 0 
133 0 205 205 0 3 0 205 205 0 133 

[23NPC]
0
0

24
5 10
0
2 2 2 9 9 9 9 9 2 2 2 
2 2 2 9 321 322 323 9 2 2 2 
2 2 2 9 324 325 326 9 2 2 2 
2 2 2 9 327 142 329 9 2 2 2 
2 2 2 9 9 0 9 9 2 2 2 
2 205 205 205 205 127 205 205 205 205 2 
2 2 2 2 2 133 2 2 2 2 2 
2 2 2 220 133 140 133 220 2 2 2 
2 2 2 2 2 133 2 2 2 2 2 
2 2 2 2 205 127 205 2 2 2 2 
2 2 2 2 2 0 2 2 2 2 2 

[24NPC]
0
0

25
9 5
1
10 5 22 1 5
133 0 0 207 207 207 0 0 3 0 205 
0 3 3 3 3 3 3 0 6 0 3 
207 3 3 127 133 133 133 0 3 0 3 
207 3 3 220 3 3 3 3 3 0 3 
0 127 3 3 3 3 3 3 219 0 3 
3 7 140 9 223 3 3 219 6 0 31 
0 127 3 3 3 3 3 3 219 0 3 
207 3 3 220 3 3 3 3 3 0 3 
207 3 3 127 133 133 133 0 3 0 3 
0 3 3 3 3 3 3 0 6 0 3 
133 0 0 207 207 207 0 0 3 0 205 

[25NPC]
0
0

26
1 5
1
0 5 22 9 5
205 0 3 0 0 208 208 208 0 0 133 
3 0 6 0 3 3 3 3 3 3 0 
3 0 3 0 133 133 133 127 3 3 208 
3 0 3 3 3 3 3 220 3 3 208 
3 0 219 3 3 3 3 3 3 127 0 
31 0 6 219 3 3 225 9 140 7 3 
3 0 219 3 3 3 3 3 3 127 0 
3 0 3 3 3 3 3 220 3 3 208 
3 0 3 0 133 133 133 127 3 3 208 
3 0 6 0 3 3 3 3 3 3 0 
205 0 3 0 0 208 208 208 0 0 133 

[26NPC]
0
0

